-0.999602   0.026752   0.008959  73.498911   
0.025913   0.996180  -0.083392 -97.626594  
-0.011156  -0.083127  -0.996477 215.677382  

-0.999281  -0.037841  -0.002165  92.656982  
-0.022774   0.645097  -0.763761 -51.480234   
0.030298  -0.763163  -0.645496 327.925137  

-175.316 -394.9 63.9126  0.00103256 0.000830663 -0.039542 0.999217

-187.674 -372.938 368.517  -0.0124432 0.00607396 -0.0584926 0.998192

-391.229 -360.716 370.602  -0.00478695 0.335174 -0.0356957 0.941467

0 -1 0 40
1 0 0 -40
0 0 1 0
